葛立恒数

葛立恒数由葛立恒提出，曾经被视为在正式数学证明中出现过最大的数，后来则被取代。它大得连高德纳箭号表示法也难以简单表示，而必须使用64层高德纳箭号表示法才表示得出来。

马丁·加德纳于1977年11月在美国科学人杂志的「数学游戏」专栏将此数刊登出来，1980年被金氏世界纪录订为在正式数学证明中出现过最大的数。

葛立恒数与拉姆齐理论有关：考虑一个"n"维的超立方体，在连结所有顶点后，将形成一个2个顶点的完全图。将这个图的每条边填上红色或蓝色。求"n"的最小值，才使得所有填法中都必定存在一个在同一平面上有四个顶点的单色完全子图。

在1971年Graham与Rothschild证明了此题之解"N*"的上下界为6 ≤ "N*" ≤ "N"，其中"N"是一个极大但明确定义的数字formula_1，用高德纳箭号表示法，F可表为formula_2；康威链式箭号表示法也可以表示此数的大略范围，此数介于4 → 2 → 8 → 2与2 → 3 → 9 → 2之间。 ，"N*"的上界在2014年借由Hales–Jewett数的上界而降为formula_3；下界则在2003年由Geoffrey Exoo提高为11。，并由Jerome Barkley在2008年进一步的提高为13。因此目前所知最佳的"N*"上下界为13 ≤ "N*" ≤ "N"'。

葛立恒数"G"比"N"大得多，"G"可表为formula_4，其中formula_5。葛立恒数为此问题的较弱上界，是葛立恒未出版的工作，最后由马丁·加德纳刊登在1977年11月的美国科学人杂志。

定义函数formula_6（参见高德纳箭号表示法、超运算、康威链式箭号表示法），则葛立恒数可使用叠代函数表示为formula_4。

虽然葛立恒数不可以用康威链式箭号表示法很方便地表达，但康威链式箭号表示法能为它简单地定上下界：

使用高德纳箭号表示法来表示葛立恒数：

利用超运算，葛立恒数"G"可以表示为：

其中，formula_12表示共有64层超运算。从内至外，每一层中的超运算级数由方括号内的那一层所表示的数值决定。 计算"G"值需要经过64步，首先从最内层开始计算：

让：formula_14<br>

给定函数：

例如：formula_18

然后计算g：

接著计算：

最后：

一般来说：

其中：

02425 95069 50647 38395 65747 91365 19351 79833 45353 62521

43003 54012 60267 71622 67216 04198 10652 26316 93551 88780

38814 48314 06525 26168 78509 55526 46051 07117 20009 97092

91249 54437 88874 96062 88291 17250 63001 30362 29349 16080

25459 46149 45788 71427 83235 08292 42102 09182 58967 53560

43086 99380 16892 49889 26809 95101 69055 91995 11950 27887

17830 83701 83402 36474 54888 22221 61573 22801 01329 74509

27344 59450 43433 00901 09692 80253 52751 83328 98844 61508

94042 48265 01819 38515 62535 79639 96189 93967 90549 66380

03222 34872 39670 18485 18643 90591 04575 62726 24641 95387.

事实上，对于所有正整数formula_27，formula_28的末500位数也与葛立恒数相同。
